IdTipoTransaccion,IdOrdenCompra,IdMetodoPago,cantidad
5,1,"4",360.53
5,2,"4",24991.80
5,3,"4",3151.61
5,"4",4,48853.39
5,5,"4",40327.64
5,6,"4",6357.78
5,7,"4",11500.58
5,8,"4",755.56
5,9,"4",10673.74
5,10,"4",1193.13
5,11,"4",22849.93
5,12,"4",7660.73
5,13,"4",300.15
5,14,"4",18721.37
5,15,"4",15323.75
5,16,"4",4333.20
5,17,"4",10129.20
5,18,"4",331.21
5,19,"4",6014.73
5,20,"4",8337.50
5,21,"4",5883.40
5,22,"4",181.13
5,23,"4",4185.48
5,24,"4",1431.75
5,25,"4",22169.70
5,26,"4",1651.40
5,27,"4",957.39
5,28,"4",2737.00
5,29,"4",1193.13
5,30,"4",2732.40
5,31,"4",12581.00
5,32,"4",193.20
5,33,"4",144.90
5,34,"4",12190.00
5,35,"4",9803.75
5,36,"4",1428.30
5,37,"4",165.60
5,38,"4",586.50
5,39,"4",3042.90
5,40,"4",636.53
5,41,"4",1276.50
5,42,"4",1759.50
5,43,"4",4195.20
5,44,"4",170.78
5,45,"4",195.50
5,46,"4",1322.50
5,47,"4",8618.10
5,48,"4",341.56
5,49,"4",1568.60
5,50,"4",7086.30
5,51,"4",8728.50
5,52,"4",11157.30
5,53,"4",165.60
5,54,"4",869.40
5,55,"4",160.43
5,56,"4",9639.30
5,57,"4",10177.50
5,58,"4",13241.10
5,59,"4",16511.70
5,60,"4",16511.70
5,61,"4",2815.20
5,62,"4",10137.25
5,63,"4",18871.50
5,64,"4",1173.00
5,65,"4",22804.50
5,66,"4",391.00
5,67,"4",23591.10
5,68,"4",25799.10
5,69,"4",28766.10
5,70,"4",2580.60
5,71,"4",30532.50
5,72,"4",30808.50
5,73,"4",30849.90
5,74,"4",30256.50
5,75,"4",29925.30
5,76,"4",4374.60
5,77,"4",34465.50
5,78,"4",35997.30
5,79,"4",37998.30
5,80,"4",1368.50
5,81,"4",42179.70
5,82,"4",2346.00
5,83,"4",41475.90
5,84,"4",1564.00
5,85,"4",1656.00
5,86,"4",43228.50
5,87,"4",2541.50
5,88,"4",43242.30
5,89,"4",2932.50
5,90,"4",44698.20
5,91,"4",3714.50
5,92,"4",43069.80
5,93,"4",2932.50
5,94,"4",42793.80
5,95,"4",4692.00
5,96,"4",2359.80
5,97,"4",1955.00
5,98,"4",41896.80
5,99,"4",5083.00
5,100,"4",42034.80
5,101,"4",4301.00
5,102,"4",41400.00
5,103,"4",5083.00
5,104,"4",41772.60
5,105,"4",4301.00
5,106,"4",44242.80
5,107,"4",4496.50
5,108,"4",3063.60
5,109,"4",50445.90
5,110,"4",5474.00
5,111,"4",50425.20
5,112,"4",4692.00
5,113,"4",50301.00
5,114,"4",5474.00
5,115,"4",53350.80
5,116,"4",5669.50
5,117,"4",52605.60
5,118,"4",6256.00
5,119,"4",772.80
5,120,"4",54917.10
5,121,"4",6256.00
5,122,"4",57111.30
5,123,"4",5474.00
5,124,"4",57000.90
5,125,"4",7624.50
5,126,"4",62424.30
5,127,"4",6842.50
5,128,"4",64639.20
5,129,"4",6148.82
5,130,"4",5202.60
5,131,"4",68758.50
5,132,"4",5865.00
5,133,"4",72153.30
5,134,"4",6048.08
5,135,"4",74313.00
5,136,"4",5531.04
5,137,"4",77583.60
5,138,"4",8930.44
5,139,"4",81288.90
5,140,"4",8797.96
5,141,"4",195.50
5,142,"4",81123.30
5,143,"4",8728.50
5,144,"4",81523.50
5,145,"4",8123.14
5,146,"4",81882.30
5,147,"4",9800.76
5,148,"4",81702.90
5,149,"4",8842.12
5,150,"4",80074.50
5,151,"4",9889.08
5,152,"4",3394.80
5,153,"4",83289.90
5,154,"4",11484.82
5,155,"4",84076.50
5,156,"4",11945.28
5,157,"4",85629.00
5,158,"4",11970.58
5,159,"4",88002.60
5,160,"4",12733.72
5,161,"4",91452.60
5,162,"4",13925.58
5,163,"4",1048.80
5,164,"4",1173.00
5,165,"4",94053.90
5,166,"4",13181.30
5,167,"4",96696.60
5,168,"4",13982.16
5,169,"4",97800.60
5,170,"4",13111.84
5,171,"4",97931.70
5,172,"4",14158.80
5,173,"4",101878.50
5,174,"4",13553.44
5,175,"4",2539.20
5,176,"4",104045.10
5,177,"4",12115.48
5,178,"4",109682.40
5,179,"4",13137.14
5,180,"4",111090.00
5,181,"4",13944.44
5,182,"4",116078.70
5,183,"4",14745.30
5,184,"4",118162.50
5,185,"4",14991.40
5,186,"4",1228.20
5,187,"4",220.80
5,188,"4",123861.90
5,189,"4",16435.80
5,190,"4",127360.20
5,191,"4",15477.16
5,192,"4",127815.60
5,193,"4",15628.50
5,194,"4",127539.60
5,195,"4",15111.46
5,196,"4",127484.40
5,197,"4",14329.46
5,198,"4",1987.20
5,199,"4",618.24
5,200,"4",127305.00
5,201,"4",13913.62
5,202,"4",126953.10
5,203,"4",13327.12
5,204,"4",131893.50
5,205,"4",13466.04
5,206,"4",135585.00
5,207,"4",13535.50
5,208,"4",138786.60
5,209,"4",14336.36
5,210,"4",1062.60
5,211,"4",142326.30
5,212,"4",13207.52
5,213,"4",142609.20
5,214,"4",12248.88
5,215,"4",150482.10
5,216,"4",12267.74
5,217,"4",153000.60
5,218,"4",15900.36
5,219,"4",154905.00
5,220,"4",17117.52
5,221,"4",1200.60
5,222,"4",154960.20
5,223,"4",15900.36
5,224,"4",157837.50
5,225,"4",15295.00
5,226,"4",158541.30
5,227,"4",16531.02
5,228,"4",159010.50
5,229,"4",15572.38
5,230,"4",161025.30
5,231,"4",18170.92
5,232,"4",1987.20
5,233,"4",195.50
5,234,"4",163536.90
5,235,"4",19653.04
5,236,"4",165386.10
5,237,"4",18694.40
5,238,"4",167145.60
5,239,"4",17824.08
5,240,"4",168153.00
5,241,"4",17218.72
5,242,"4",172789.80
5,243,"4",17794.18
5,244,"4",110.40
5,245,"4",574.08
5,246,"4",173797.20
5,247,"4",16871.88
5,248,"4",178454.70
5,249,"4",18398.16
5,250,"4",179945.10
5,251,"4",17616.16
5,252,"4",185561.70
5,253,"4",18417.02
5,254,"4",188542.50
5,255,"4",21954.88
5,256,"4",2104.50
5,257,"4",193420.80
5,258,"4",21499.48
5,259,"4",196042.80
5,260,"4",20292.44
5,261,"4",198513.00
5,262,"4",19814.04
5,263,"4",201486.90
5,264,"4",20435.96
5,265,"4",203536.20
5,266,"4",20681.14
5,267,"4",2132.10
5,268,"4",353.28
5,269,"4",207848.70
5,270,"4",19312.64
5,271,"4",209801.40
5,272,"4",18354.00
5,273,"4",208800.90
5,274,"4",17483.68
5,275,"4",208766.40
5,276,"4",17698.04
5,277,"4",211209.00
5,278,"4",17181.00
5,279,"4",386.40
5,280,"4",132.48
5,281,"4",209622.00
5,282,"4",16373.70
5,283,"4",210381.00
5,284,"4",15812.50
5,285,"4",212589.00
5,286,"4",14853.86
5,287,"4",211940.40
5,288,"4",14481.72
5,289,"4",213982.80
5,290,"4",14027.70
5,291,"4",2829.00
5,292,"4",176.64
5,293,"4",218633.40
5,294,"4",12873.56
5,295,"4",223008.00
5,296,"4",14065.42
5,297,"4",223187.40
5,298,"4",13106.78
5,299,"4",225719.70
5,300,"4",16127.60
5,301,"4",229086.90
5,302,"4",15213.12
5,303,"4",2891.10
5,304,"4",543.72
5,305,"4",231888.30
5,306,"4",14948.16
5,307,"4",233910.00
5,308,"4",17792.34
5,309,"4",236835.60
5,310,"4",17231.14
5,311,"4",238519.20
5,312,"4",16700.30
5,313,"4",239154.00
5,314,"4",15534.66
5,315,"4",1524.90
5,316,"4",474.72
5,317,"4",239036.70
5,318,"4",16840.14
5,319,"4",238857.30
5,320,"4",18227.50
5,321,"4",240540.90
5,322,"4",19097.82
5,323,"4",242114.10
5,324,"4",26318.90
5,325,"4",241851.90
5,326,"4",25360.26
5,327,"4",2125.20
5,328,"4",88.32
5,329,"4",247454.70
5,330,"4",26463.80
5,331,"4",248365.50
5,332,"4",26142.26
5,333,"4",249586.80
5,334,"4",25839.58
5,335,"4",253485.30
5,336,"4",25360.26
5,337,"4",255141.30
5,338,"4",25234.22
5,339,"4",1242.00
5,340,"4",255431.10
5,341,"4",24496.38
5,342,"4",260958.00
5,343,"4",28179.60
5,344,"4",264559.80
5,345,"4",30090.44
5,346,"4",267064.50
5,347,"4",31831.08
5,348,"4",269031.00
5,349,"4",31395.92
5,350,"4",2753.10
5,351,"4",272322.30
5,352,"4",30437.28
5,353,"4",277290.30
5,354,"4",30222.92
5,355,"4",278007.90
5,356,"4",29743.60
5,357,"4",278884.20
5,358,"4",30437.28
5,359,"4",282423.90
5,360,"4",32001.28
5,361,"4",2111.40
5,362,"4",782.00
5,363,"4",286508.70
5,364,"4",32909.32
5,365,"4",287681.70
5,366,"4",32430.00
5,367,"4",288847.80
5,368,"4",32669.66
5,369,"4",290524.50
5,370,"4",32676.10
5,371,"4",290917.80
5,372,"4",34933.78
5,373,"4",648.60
5,374,"4",88.32
5,375,"4",293429.40
5,376,"4",35217.60
5,377,"4",295064.70
5,378,"4",34738.28
5,379,"4",301357.50
5,380,"4",36157.38
5,381,"4",301578.30
5,382,"4",36075.50
5,383,"4",300046.50
5,384,"4",35640.34
5,385,"4",1959.60
5,386,"4",782.00
5,387,"4",299798.10
5,388,"4",35766.38
5,389,"4",307622.70
5,390,"4",40874.68
5,391,"4",310244.70
5,392,"4",42836.12
5,393,"4",309389.10
5,394,"4",42356.80
5,395,"4",308423.10
5,396,"4",42230.76
5,397,"4",772.80
5,398,"4",983.94
5,399,"4",310644.90
5,400,"4",44103.88
5,401,"4",311942.10
5,402,"4",45384.06
5,403,"4",312342.30
5,404,"4",44904.74
5,405,"4",312680.40
5,406,"4",46771.42
5,407,"4",314019.00
5,408,"4",46292.10
5,409,"4",662.40
5,410,"4",655.96
5,411,"4",313080.60
5,412,"4",48814.74
5,413,"4",314364.00
5,414,"4",49338.22
5,415,"4",317558.70
5,416,"4",48858.90
5,417,"4",326397.60
5,418,"4",48379.58
5,419,"4",329916.60
5,420,"4",48947.22
5,421,"4",2511.60
5,422,"4",335823.00
5,423,"4",50971.68
5,424,"4",337692.90
5,425,"4",51476.30
5,426,"4",336789.00
5,427,"4",51192.48
5,428,"4",337554.90
5,429,"4",52151.12
5,430,"4",339542.10
5,431,"4",51671.80
5,432,"4",1607.70
5,433,"4",345945.30
5,434,"4",51110.60
5,435,"4",348318.90
5,436,"4",52567.42
5,437,"4",351893.10
5,438,"4",53696.26
5,439,"4",357240.60
5,440,"4",53437.74
5,441,"4",357916.80
5,442,"4",53349.42
5,443,"4",1545.60
5,444,"4",359089.80
5,445,"4",54150.28
5,446,"4",367052.40
5,447,"4",56868.42
5,448,"4",367687.20
5,449,"4",57701.02
5,450,"4",368680.80
5,451,"4",58571.34
5,452,"4",371640.90
5,453,"4",58092.02
5,454,"4",1759.50
5,455,"4",370288.50
5,456,"4",59990.44
5,457,"4",371703.00
5,458,"4",62317.58
5,459,"4",370074.60
5,460,"4",61838.26
5,461,"4",372041.10
5,462,"4",61951.88
5,463,"4",372144.60
5,464,"4",63825.00
5,465,"4",2656.50
5,466,"4",1564.00
5,467,"4",376698.60
5,468,"4",64733.04
5,469,"4",379679.40
5,470,"4",67583.66
5,471,"4",380659.20
5,472,"4",70213.48
5,473,"4",382832.70
5,474,"4",70282.94
5,475,"4",385785.90
5,476,"4",70068.58
5,477,"4",2539.20
5,478,"4",389256.60
5,479,"4",69109.94
5,480,"4",392492.70
5,481,"4",68939.74
5,482,"4",394486.80
5,483,"4",70415.42
5,484,"4",396846.60
5,485,"4",69936.10
5,486,"4",396846.60
5,487,"4",69652.28
5,488,"4",945.30
5,489,"4",1154.14
5,490,"4",398440.50
5,491,"4",70327.10
5,492,"4",399185.70
5,493,"4",72288.54
5,494,"4",399309.90
5,495,"4",72206.66
5,496,"4",400551.90
5,497,"4",73588.04
5,498,"4",403608.60
5,499,"4",75719.68
5,500,"4",4595.40
5,501,"4",1696.48
5,502,"4",411502.20
5,503,"4",78116.28
5,504,"4",412323.30
5,505,"4",77636.96
5,506,"4",413979.30
5,507,"4",80676.64
5,508,"4",414448.50
5,509,"4",80197.32
5,510,"4",415690.50
5,511,"4",79938.80
5,512,"4",1656.00
5,513,"4",782.00
5,514,"4",416946.30
5,515,"4",82000.98
5,516,"4",417926.10
5,517,"4",82108.16
5,518,"4",419554.50
5,519,"4",86125.34
5,520,"4",419996.10
5,521,"4",85646.02
5,522,"4",424129.20
5,523,"4",85475.82
5,524,"4",2649.60
5,525,"4",426709.80
5,526,"4",85847.96
5,527,"4",428710.80
5,528,"4",87437.26
5,529,"4",429200.70
5,530,"4",88572.54
5,531,"4",428745.30
5,532,"4",88181.54
5,533,"4",433354.50
5,534,"4",90420.36
5,535,"4",1297.20
5,536,"4",438495.00
5,537,"4",91271.82
5,538,"4",442193.40
5,539,"4",96039.72
5,540,"4",445981.50
5,541,"4",98688.40
5,542,"4",448713.90
5,543,"4",99773.08
5,544,"4",451053.00
5,545,"4",99735.36
5,546,"4",289.80
5,547,"4",450031.80
5,548,"4",99218.32
5,549,"4",450997.80
5,550,"4",101457.14
5,551,"4",450252.60
5,552,"4",102541.82
5,553,"4",452260.50
5,554,"4",103235.50
5,555,"4",453612.90
5,556,"4",104711.18
5,557,"4",193.20
5,558,"4",459188.10
5,559,"4",106489.54
5,560,"4",460450.80
5,561,"4",108110.58
5,562,"4",462520.80
5,563,"4",109416.06
5,564,"4",463624.80
5,565,"4",109725.18
5,566,"4",466481.40
5,567,"4",111591.86
5,568,"4",468579.00
5,569,"4",111863.26
5,570,"4",467820.00
5,571,"4",111383.94
5,572,"4",467861.40
5,573,"4",111346.22
5,574,"4",469524.30
5,575,"4",110866.90
5,576,"4",469193.10
5,577,"4",113086.86
5,578,"4",1035.00
5,579,"4",471828.90
5,580,"4",112128.22
5,581,"4",475292.70
5,582,"4",112443.78
5,583,"4",475734.30
5,584,"4",111964.46
5,585,"4",478901.40
5,586,"4",115193.66
5,587,"4",478045.80
5,588,"4",115370.30
5,589,"4",772.80
5,590,"4",391.00
5,591,"4",479163.60
5,592,"4",117842.34
5,593,"4",482199.60
5,594,"4",117363.02
5,595,"4",482779.20
5,596,"4",118107.30
5,597,"4",483462.30
5,598,"4",120560.48
5,599,"4",486001.50
5,600,"4",120301.96
5,601,"4",441.60
5,602,"4",485380.50
5,603,"4",119343.32
5,604,"4",486588.00
5,605,"4",118864.00
5,606,"4",488437.20
5,607,"4",119866.80
5,608,"4",487843.80
5,609,"4",119387.48
5,610,"4",489824.10
5,611,"4",122282.26
5,612,"4",1449.00
5,613,"4",491273.10
5,614,"4",121323.62
5,615,"4",492349.50
5,616,"4",122647.96
5,617,"4",491107.50
5,618,"4",123928.14
5,619,"4",491245.50
5,620,"4",125599.32
5,621,"4",494964.60
5,622,"4",125120.00
5,623,"4",966.00
5,624,"4",495916.80
5,625,"4",125183.02
5,626,"4",495765.00
5,627,"4",126318.30
5,628,"4",497117.40
5,629,"4",130304.20
5,630,"4",500526.00
5,631,"4",130001.52
5,632,"4",503106.60
5,633,"4",130499.70
5,634,"4",2766.90
5,635,"4",2264.12
5,636,"4",509075.10
5,637,"4",135835.24
5,638,"4",510082.50
5,639,"4",139291.22
5,640,"4",510717.30
5,641,"4",141548.90
5,642,"4",511089.90
5,643,"4",141422.86
5,644,"4",511883.40
5,645,"4",142362.64
5,646,"4",391.00
5,647,"4",514091.40
5,648,"4",147275.44
5,649,"4",515016.00
5,650,"4",146796.12
5,651,"4",516437.40
5,652,"4",148536.76
5,653,"4",517886.40
5,654,"4",151173.02
5,655,"4",523592.70
5,656,"4",151621.06
5,657,"4",1186.80
5,658,"4",132.48
5,659,"4",524820.90
5,660,"4",151022.14
5,661,"4",524696.70
5,662,"4",150542.82
5,663,"4",526752.90
5,664,"4",150372.62
5,665,"4",532052.10
5,666,"4",152069.10
5,667,"4",531044.70
5,668,"4",151589.78
5,669,"4",2911.80
5,670,"4",1349.64
5,671,"4",536171.40
5,672,"4",153046.60
5,673,"4",539849.10
5,674,"4",152611.44
5,675,"4",539048.70
5,676,"4",153355.72
5,677,"4",542850.60
5,678,"4",153185.52
5,679,"4",542947.20
5,680,"4",152838.68
5,681,"4",2532.30
5,682,"4",547466.70
5,683,"4",153727.86
5,684,"4",550902.90
5,685,"4",155361.32
5,686,"4",551151.30
5,687,"4",154970.32
5,688,"4",552151.80
5,689,"4",158445.16
5,690,"4",551606.70
5,691,"4",160879.48
5,692,"4",2014.80
5,693,"4",1173.00
5,694,"4",552179.40
5,695,"4",161661.48
5,696,"4",552345.00
5,697,"4",164341.90
5,698,"4",556540.20
5,699,"4",164127.54
5,700,"4",560073.00
5,701,"4",165887.04
5,702,"4",561273.60
5,703,"4",165849.32
5,704,"4",2290.80
5,705,"4",391.00
5,706,"4",565620.60
5,707,"4",166631.32
5,708,"4",565103.10
5,709,"4",166152.00
5,710,"4",566062.20
5,711,"4",165672.68
5,712,"4",567918.30
5,713,"4",165193.36
5,714,"4",567483.60
5,715,"4",166870.98
5,716,"4",993.60
5,717,"4",569401.80
5,718,"4",165912.34
5,719,"4",570147.00
5,720,"4",165433.02
5,721,"4",569974.50
5,722,"4",165262.82
5,723,"4",572589.60
5,724,"4",169280.00
5,725,"4",573403.80
5,726,"4",169973.68
5,727,"4",966.00
5,728,"4",1759.50
5,729,"4",574411.20
5,730,"4",172559.34
5,731,"4",577861.20
5,732,"4",174779.30
5,733,"4",576633.00
5,734,"4",176645.98
5,735,"4",578220.00
5,736,"4",180732.62
5,737,"4",580379.70
5,738,"4",184516.58
5,739,"4",972.90
5,740,"4",176.64
5,741,"4",580124.40
5,742,"4",183431.90
5,743,"4",583429.50
5,744,"4",184548.32
5,745,"4",584754.30
5,746,"4",186219.50
5,747,"4",584340.30
5,748,"4",187695.18
5,749,"4",587714.40
5,750,"4",189259.18
5,751,"4",2277.00
5,752,"4",589508.40
5,753,"4",188477.18
5,754,"4",592751.40
5,755,"4",189259.18
5,756,"4",593082.60
5,757,"4",189309.78
5,758,"4",594200.40
5,759,"4",189025.96
5,760,"4",598299.00
5,761,"4",188899.92
5,762,"4",2401.20
5,763,"4",586.50
5,764,"4",604308.90
5,765,"4",190243.12
5,766,"4",604205.40
5,767,"4",191138.74
5,768,"4",603239.40
5,769,"4",190659.42
5,770,"4",601831.80
5,771,"4",192721.60
5,772,"4",603943.20
5,773,"4",192872.94
5,774,"4",483.00
5,775,"4",441.60
5,776,"4",604550.40
5,777,"4",196190.46
5,778,"4",604950.60
5,779,"4",196152.74
5,780,"4",609035.40
5,781,"4",198423.30
5,782,"4",613292.70
5,783,"4",198253.10
5,784,"4",617529.30
5,785,"4",198347.86
5,786,"4",331.20
5,787,"4",615735.30
5,788,"4",197975.72
5,789,"4",617701.80
5,790,"4",199136.30
5,791,"4",619716.60
5,792,"4",200183.26
5,793,"4",624063.60
5,794,"4",204206.88
5,795,"4",628679.70
5,796,"4",206464.56
5,797,"4",1842.30
5,798,"4",2617.40
5,799,"4",629942.40
5,800,"4",208798.14
5,801,"4",629418.00
5,802,"4",208779.28
5,803,"4",629721.60
5,804,"4",208299.96
5,805,"4",633420.00
5,806,"4",210103.62
5,807,"4",636752.70
5,808,"4",211383.80
5,809,"4",6817.20
5,810,"4",2175.80
5,811,"4",645846.90
5,812,"4",214045.36
5,813,"4",646150.50
5,814,"4",214543.54
5,815,"4",649069.20
5,816,"4",214859.10
5,817,"4",651663.60
5,818,"4",214777.22
5,819,"4",655589.70
5,820,"4",214739.50
5,821,"4",655217.10
5,822,"4",214569.30
5,823,"4",655258.50
5,824,"4",214285.48
5,825,"4",657349.20
5,826,"4",217892.80
5,827,"4",661213.20
5,828,"4",217413.48
5,829,"4",663759.30
5,830,"4",219109.96
5,831,"4",2028.60
5,832,"4",441.60
5,833,"4",669983.10
5,834,"4",221122.00
5,835,"4",670838.70
5,836,"4",220819.32
5,837,"4",675503.10
5,838,"4",221409.50
5,839,"4",676482.90
5,840,"4",221257.93
5,841,"4",675530.70
5,842,"4",222701.99
5,843,"4",2263.20
5,844,"4",677359.20
5,845,"4",222936.93
5,846,"4",679746.60
5,847,"4",223359.56
5,848,"4",681961.50
5,849,"4",227168.59
5,850,"4",686846.70
5,851,"4",227099.47
5,852,"4",688544.10
5,853,"4",228941.20
5,854,"4",752.10
5,855,"4",353.28
5,856,"4",692332.20
5,857,"4",231175.53
5,858,"4",692359.80
5,859,"4",230753.14
5,860,"4",692960.10
5,861,"4",237136.44
5,862,"4",697617.60
5,863,"4",240394.62
5,864,"4",701612.70
5,865,"4",244806.37
5,866,"4",586.50
5,867,"4",701674.80
5,868,"4",243740.78
5,869,"4",704227.80
5,870,"4",244661.58
5,871,"4",704124.30
5,872,"4",247928.39
5,873,"4",710955.30
5,874,"4",247417.67
5,875,"4",713535.90
5,876,"4",248409.78
5,877,"4",1994.10
5,878,"4",1891.98
5,879,"4",716213.10
5,880,"4",250949.44
5,881,"4",716033.70
5,882,"4",252290.80
5,883,"4",719076.60
5,884,"4",252984.82
5,885,"4",720718.80
5,886,"4",252739.07
5,887,"4",721215.60
5,888,"4",252423.62
5,889,"4",218.50
5,890,"4",722885.40
5,891,"4",254218.66
5,892,"4",727066.80
5,893,"4",257609.55
5,894,"4",728764.20
5,895,"4",258950.10
5,896,"4",733021.50
5,897,"4",260503.41
5,898,"4",737879.10
5,899,"4",260951.33
5,900,"4",3339.60
5,901,"4",741674.10
5,902,"4",259929.90
5,903,"4",741204.90
5,904,"4",259669.08
5,905,"4",744165.00
5,906,"4",261394.08
5,907,"4",747332.10
5,908,"4",266560.69
5,909,"4",751071.90
5,910,"4",268503.15
5,911,"4",4312.50
5,912,"4",754791.00
5,913,"4",268347.56
5,914,"4",757074.90
5,915,"4",268927.96
5,916,"4",757833.90
5,917,"4",268999.49
5,918,"4",759165.60
5,919,"4",268551.80
5,920,"4",762767.40
5,921,"4",268940.84
5,922,"4",4112.40
5,923,"4",770488.50
5,924,"4",270450.22
5,925,"4",774007.50
5,926,"4",271175.52
5,927,"4",774214.50
5,928,"4",273424.69
5,929,"4",773910.90
5,930,"4",277824.25
5,931,"4",776105.10
5,932,"4",278147.97
5,933,"4",1959.60
5,934,"4",779534.40
5,935,"4",277634.96
5,936,"4",779424.00
5,937,"4",278600.15
5,938,"4",778209.60
5,939,"4",278448.58
5,940,"4",781190.40
5,941,"4",278276.08
5,942,"4",783846.90
5,943,"4",278129.11
5,944,"4",2346.00
5,945,"4",441.60
5,946,"4",785944.50
5,947,"4",278558.41
5,948,"4",785530.50
5,949,"4",279552.81
5,950,"4",786324.00
5,951,"4",282308.56
5,952,"4",786475.80
5,953,"4",281665.36
5,954,"4",787503.90
5,955,"4",281591.65
5,956,"4",788338.80
5,957,"4",283143.11
5,958,"4",788828.70
5,959,"4",284244.24
5,960,"4",790581.30
5,961,"4",285907.14
5,962,"4",794217.60
5,963,"4",285661.38
5,964,"4",802449.30
5,965,"4",285619.06
5,966,"4",3657.00
5,967,"4",977.50
5,968,"4",806948.10
5,969,"4",286035.48
5,970,"4",809211.30
5,971,"4",287101.41
5,972,"4",810529.20
5,973,"4",288545.47
5,974,"4",813192.60
5,975,"4",287990.59
5,976,"4",817015.20
5,977,"4",287402.02
5,978,"4",110.40
5,979,"4",857.67
5,980,"4",815931.90
5,981,"4",287862.60
5,982,"4",818671.20
5,983,"4",287875.36
5,984,"4",822148.80
5,985,"4",288758.45
5,986,"4",822404.10
5,987,"4",288897.25
5,988,"4",821645.10
5,989,"4",288800.31
5,990,"4",1704.30
5,991,"4",3438.50
5,992,"4",822756.00
5,993,"4",293687.00
5,994,"4",822576.60
5,995,"4",296026.91
5,996,"4",822010.80
5,997,"4",295648.67
5,998,"4",825033.00
5,999,"4",295522.63
5,1000,"4",826344.00
5,1001,"4",296167.90
5,1002,"4",676.20
5,1003,"4",826689.00
5,1004,"4",295846.36
5,1005,"4",826068.00
5,1006,"4",295913.29
5,1007,"4",831153.30
5,1008,"4",299628.02
5,1009,"4",830201.10
5,1010,"4",298984.82
5,1011,"4",830628.90
5,1012,"4",301461.12
5,1013,"4",910.80
5,1014,"4",830656.50
5,1015,"4",300263.05
5,1016,"4",831415.50
5,1017,"4",300004.53
5,1018,"4",835341.60
5,1019,"4",299998.20
5,1020,"4",837556.50
5,1021,"4",299355.01
5,1022,"4",837584.10
5,1023,"4",300440.03
5,1024,"4",3601.80
5,1025,"4",2118.88
5,1026,"4",843186.90
5,1027,"4",304967.70
5,1028,"4",843635.40
5,1029,"4",305158.94
5,1030,"4",843400.80
5,1031,"4",305461.62
5,1032,"4",843704.40
5,1033,"4",305795.93
5,1034,"4",844104.60
5,1035,"4",305711.75
5,1036,"4",579.60
5,1037,"4",844801.50
5,1038,"4",306317.11
5,1039,"4",847106.10
5,1040,"4",306109.07
5,1041,"4",848389.50
5,1042,"4",305465.88
5,1043,"4",855489.60
5,1044,"4",307284.03
5,1045,"4",858077.10
5,1046,"4",309476.73
5,1047,"4",2166.60
5,1048,"4",273.13
5,1049,"4",860699.10
5,1050,"4",308803.52
5,1051,"4",860050.50
5,1052,"4",308160.33
5,1053,"4",863707.50
5,1054,"4",308609.63
5,1055,"4",865142.70
5,1056,"4",308143.08
5,1057,"4",865915.50
5,1058,"4",311073.51
5,1059,"4",4940.40
5,1060,"4",828.00
5,1061,"4",874719.90
5,1062,"4",315496.29
5,1063,"4",876431.10
5,1064,"4",316612.60
5,1065,"4",876755.40
5,1066,"4",316442.40
5,1067,"4",880357.20
5,1068,"4",317886.45
5,1069,"4",881585.40
5,1070,"4",317243.26
5,1071,"4",2842.80
5,1072,"4",132.48
5,1073,"4",887974.80
5,1074,"4",317211.86
5,1075,"4",891452.40
5,1076,"4",317962.47
5,1077,"4",895523.40
5,1078,"4",317592.40
5,1079,"4",897096.60
5,1080,"4",318678.57
5,1081,"4",898518.00
5,1082,"4",320576.88
5,1083,"4",676.20
5,1084,"4",586.50
5,1085,"4",899463.30
5,1086,"4",324644.20
5,1087,"4",904555.50
5,1088,"4",325820.88
5,1089,"4",906770.40
5,1090,"4",326409.45
5,1091,"4",907729.50
5,1092,"4",330577.62
5,1093,"4",907232.70
5,1094,"4",331889.43
5,1095,"4",2573.70
5,1096,"4",2762.30
5,1097,"4",910634.40
5,1098,"4",334008.53
5,1099,"4",913422.00
5,1100,"4",335320.34
5,1101,"4",912235.20
5,1102,"4",335391.87
5,1103,"4",915298.80
5,1104,"4",336663.42
5,1105,"4",917493.00
5,1106,"4",336856.97
5,1107,"4",4616.10
5,1108,"4",359.38
5,1109,"4",924399.90
5,1110,"4",337443.58
5,1111,"4",928181.10
5,1112,"4",337783.64
5,1113,"4",929864.70
5,1114,"4",340705.44
5,1115,"4",931976.10
5,1116,"4",343131.37
5,1117,"4",931286.10
5,1118,"4",345000.46
5,1119,"4",1835.40
5,1120,"4",3188.38
5,1121,"4",933438.90
5,1122,"4",349500.41
5,1123,"4",932535.00
5,1124,"4",349239.59
5,1125,"4",935384.70
5,1126,"4",350893.98
5,1127,"4",936047.10
5,1128,"4",350471.59
5,1129,"4",939814.50
5,1130,"4",353407.77
5,1131,"4",1635.30
5,1132,"4",359.38
5,1133,"4",942829.80
5,1134,"4",354637.46
5,1135,"4",944182.20
5,1136,"4",355325.05
5,1137,"4",947880.60
5,1138,"4",356046.21
5,1139,"4",950826.90
5,1140,"4",355844.62
5,1141,"4",951075.30
5,1142,"4",358844.05
5,1143,"4",2787.60
5,1144,"4",1349.64
5,1145,"4",956719.50
5,1146,"4",362853.06
5,1147,"4",956202.00
5,1148,"4",364124.62
5,1149,"4",955539.60
5,1150,"4",366546.17
5,1151,"4",957802.80
5,1152,"4",369230.62
5,1153,"4",957085.20
5,1154,"4",368587.42
5,1155,"4",289.80
5,1156,"4",1437.96
5,1157,"4",955891.50
5,1158,"4",369272.94
5,1159,"4",958782.60
5,1160,"4",370246.18
5,1161,"4",960217.80
5,1162,"4",374213.11
5,1163,"4",960342.00
5,1164,"4",373733.79
5,1165,"4",961163.10
5,1166,"4",374547.41
5,1167,"4",2525.40
5,1168,"4",966614.10
5,1169,"4",377978.09
5,1170,"4",970429.80
5,1171,"4",380469.34
5,1172,"4",972203.10
5,1173,"4",380950.73
5,1174,"4",971250.90
5,1175,"4",383631.03
5,1176,"4",971768.40
5,1177,"4",384520.21
5,1178,"4",1683.60
5,1179,"4",1564.00
5,1180,"4",975984.30
5,1181,"4",389216.35
5,1182,"4",976108.50
5,1183,"4",389279.72
5,1184,"4",979675.80
5,1185,"4",391991.76
5,1186,"4",984809.40
5,1187,"4",396515.17
5,1188,"4",988245.60
5,1189,"4",397625.04
5,1190,"4",1794.00
5,1191,"4",1330.55
5,1192,"4",989777.40
5,1193,"4",399903.42
5,1194,"4",990591.60
5,1195,"4",401322.06
5,1196,"4",993496.50
5,1197,"4",401225.11
5,1198,"4",994993.80
5,1199,"4",402406.51
5,1200,"4",995394.00
5,1201,"4",402343.26
5,1202,"4",772.80
5,1203,"4",220.80
5,1204,"4",996470.40
5,1205,"4",402484.36
5,1206,"4",999865.20
5,1207,"4",403796.17
5,1208,"4",1002045.60
5,1209,"4",403262.22
5,1210,"4",1006378.80
5,1211,"4",404145.31
5,1212,"4",1008076.20
5,1213,"4",404971.24
5,1214,"4",2435.70
5,1215,"4",1012305.90
5,1216,"4",404439.13
5,1217,"4",1013403.00
5,1218,"4",406436.34
5,1219,"4",1016404.50
5,1220,"4",411393.07
5,1221,"4",1018074.30
5,1222,"4",411664.35
5,1223,"4",1019640.60
5,1224,"4",411380.53
5,1225,"4",883.20
5,1226,"4",1020654.90
5,1227,"4",411462.64
5,1228,"4",1021179.30
5,1229,"4",415143.45
5,1230,"4",1023863.40
5,1231,"4",418714.89
5,1232,"4",1026637.20
5,1233,"4",418664.40
5,1234,"4",1027258.20
5,1235,"4",419358.08
5,1236,"4",1642.20
5,1237,"4",1033254.30
5,1238,"4",418071.69
5,1239,"4",1037242.50
5,1240,"4",417680.69
5,1241,"4",1039064.10
5,1242,"4",417529.12
5,1243,"4",1042872.90
5,1244,"4",418475.00
5,1245,"4",1041686.10
5,1246,"4",421178.30
5,1247,"4",1255.80
5,1248,"4",2164.88
5,1249,"4",1044225.30
5,1250,"4",425241.48
5,1251,"4",1047302.70
5,1252,"4",427417.05
5,1253,"4",1049241.60
5,1254,"4",428875.48
5,1255,"4",1052256.90
5,1256,"4",430922.94
5,1257,"4",1052726.10
5,1258,"4",430633.03
5,1259,"4",1807.80
5,1260,"4",504.62
5,1261,"4",1054078.50
5,1262,"4",430681.56
5,1263,"4",1059239.70
5,1264,"4",433485.60
5,1265,"4",1060088.40
5,1266,"4",433746.54
5,1267,"4",1060019.40
5,1268,"4",433649.59
5,1269,"4",1060502.40
5,1270,"4",433201.90
5,1271,"4",916.32
5,1272,"4",1061599.50
5,1273,"4",434202.51
5,1274,"4",1064311.20
5,1275,"4",434425.15
5,1276,"4",1065373.80
5,1277,"4",435610.92
5,1278,"4",1072066.80
5,1279,"4",436468.70
5,1280,"4",1071087.00
5,1281,"4",436535.63
5,1282,"4",2056.20
5,1283,"4",1564.00
5,1284,"4",1073267.40
5,1285,"4",438179.33
5,1286,"4",1073005.20
5,1287,"4",438191.63
5,1288,"4",1073046.60
5,1289,"4",438336.88
5,1290,"4",1073019.00
5,1291,"4",438652.32
5,1292,"4",1072908.60
5,1293,"4",440933.00
5,1294,"4",2677.20
5,1295,"4",1081485.30
5,1296,"4",440624.11
5,1297,"4",1082244.30
5,1298,"4",444159.79
5,1299,"4",1085273.40
5,1300,"4",444359.20
5,1301,"4",1086218.70
5,1302,"4",444498.00
5,1303,"4",1091379.90
5,1304,"4",448880.77
5,1305,"4",1890.60
5,1306,"4",790.28
5,1307,"4",1094064.00
5,1308,"4",448599.13
5,1309,"4",1097776.20
5,1310,"4",452061.44
5,1311,"4",1100025.60
5,1312,"4",453332.99
5,1313,"4",1103123.70
5,1314,"4",452853.67
5,1315,"4",1105069.50
5,1316,"4",452452.21
5,1317,"4",1393.80
5,1318,"4",485.76
5,1319,"4",1106849.70
5,1320,"4",451670.78
5,1321,"4",1108505.70
5,1322,"4",451160.07
5,1323,"4",1111203.60
5,1324,"4",454226.89
5,1325,"4",1110451.50
5,1326,"4",454817.30
5,1327,"4",1109733.90
5,1328,"4",456835.66
5,1329,"4",1849.20
5,1330,"4",441.60
5,1331,"4",1114046.40
5,1332,"4",456015.94
5,1333,"4",1114184.40
5,1334,"4",456936.40
5,1335,"4",1114936.50
5,1336,"4",456940.54
5,1337,"4",1118862.60
5,1338,"4",457196.88
5,1339,"4",1119952.80
5,1340,"4",458329.86
5,1341,"4",2125.20
5,1342,"4",1286.39
5,1343,"4",1124313.60
5,1344,"4",462352.90
5,1345,"4",1126342.20
5,1346,"4",464415.43
5,1347,"4",1130640.90
5,1348,"4",465544.15
5,1349,"4",1130682.30
5,1350,"4",464955.58
5,1351,"4",1132062.30
5,1352,"4",465081.74
5,1353,"4",3594.90
5,1354,"4",3910.00
5,1355,"4",1133877.00
5,1356,"4",469017.15
5,1357,"4",1132766.10
5,1358,"4",468373.96
5,1359,"4",1131551.70
5,1360,"4",467730.76
5,1361,"4",1134470.40
5,1362,"4",468188.92
5,1363,"4",1136899.20
5,1364,"4",469342.83
5,1365,"4",2911.80
5,1366,"4",618.24
5,1367,"4",1139686.80
5,1368,"4",469097.19
5,1369,"4",1144151.10
5,1370,"4",470034.67
5,1371,"4",1145020.50
5,1372,"4",472523.73
5,1373,"4",1148622.30
5,1374,"4",474514.61
5,1375,"4",1149146.70
5,1376,"4",476280.32
5,1377,"4",2608.20
5,1378,"4",1374.94
5,1379,"4",1151851.50
5,1380,"4",477615.70
5,1381,"4",1153548.90
5,1382,"4",478769.38
5,1383,"4",1154984.10
5,1384,"4",478874.61
5,1385,"4",1157778.60
5,1386,"4",479738.72
5,1387,"4",1157585.40
5,1388,"4",481933.15
5,1389,"4",1476.60
5,1390,"4",1160000.40
5,1391,"4",484045.24
5,1392,"4",1161849.60
5,1393,"4",486939.79
5,1394,"4",1164485.40
5,1395,"4",486561.55
5,1396,"4",1170350.40
5,1397,"4",489710.60
5,1398,"4",1171537.20
5,1399,"4",491417.54
5,1400,"4",193.20
5,1401,"4",220.80
5,1402,"4",1172034.00
5,1403,"4",491293.80
5,1404,"4",1171661.40
5,1405,"4",495872.53
5,1406,"4",1174138.50
5,1407,"4",497821.43
5,1408,"4",1178982.30
5,1409,"4",498174.48
5,1410,"4",1180776.30
5,1411,"4",497884.57
5,1412,"4",1182149.40
5,1413,"4",502575.88
5,1414,"4",1184902.50
5,1415,"4",504831.37
5,1416,"4",1186517.10
5,1417,"4",505556.68
5,1418,"4",1190112.00
5,1419,"4",506294.17
5,1420,"4",1189408.20
5,1421,"4",506688.85
5,1422,"4",2918.70
5,1423,"4",764.75
5,1424,"4",1192975.50
5,1425,"4",506249.21
5,1426,"4",1194631.50
5,1427,"4",507161.39
5,1428,"4",1193292.90
5,1429,"4",508838.55
5,1430,"4",1195218.00
5,1431,"4",509544.65
5,1432,"4",1198419.60
5,1433,"4",512420.45
5,1434,"4",4961.10
5,1435,"4",1786.64
5,1436,"4",1206375.30
5,1437,"4",514736.90
5,1438,"4",1205616.30
5,1439,"4",514314.50
5,1440,"4",1209659.70
5,1441,"4",515667.94
5,1442,"4",1215241.80
5,1443,"4",516626.35
5,1444,"4",1214648.40
5,1445,"4",517483.90
5,1446,"4",4347.00
5,1447,"4",88.32
5,1448,"4",1220196.00
5,1449,"4",515907.60
5,1450,"4",1222624.80
5,1451,"4",517446.18
5,1452,"4",1223611.50
5,1453,"4",521558.12
5,1454,"4",1225481.40
5,1455,"4",521742.93
5,1456,"4",1230056.10
5,1457,"4",523148.80
5,1458,"4",3415.50
5,1459,"4",327.75
5,1460,"4",1239157.20
5,1461,"4",523167.78
5,1462,"4",1241337.60
5,1463,"4",525526.08
5,1464,"4",1243131.60
5,1465,"4",527884.73
5,1466,"4",1249438.20
5,1467,"4",536581.26
5,1468,"4",1252053.30
5,1469,"4",541353.07
5,1470,"4",2539.20
5,1471,"4",2665.13
5,1472,"4",1257559.50
5,1473,"4",544072.36
5,1474,"4",1260712.80
5,1475,"4",545611.41
5,1476,"4",1264287.00
5,1477,"4",547482.23
5,1478,"4",1263321.00
5,1479,"4",547169.08
5,1480,"4",1265949.90
5,1481,"4",547072.14
5,1482,"4",772.80
5,1483,"4",176.64
5,1484,"4",1267978.50
5,1485,"4",547059.83
5,1486,"4",1270214.10
5,1487,"4",547685.78
5,1488,"4",1271525.10
5,1489,"4",549705.98
5,1490,"4",1270959.30
5,1491,"4",550029.71
5,1492,"4",1273029.30
5,1493,"4",551114.39
5,1494,"4",289.80
5,1495,"4",855.37
5,1496,"4",1272518.70
5,1497,"4",553250.28
5,1498,"4",1273829.70
5,1499,"4",555671.95
5,1500,"4",1277479.80
5,1501,"4",557179.26
5,1502,"4",1282302.90
5,1503,"4",557780.71
5,1504,"4",1286201.40
5,1505,"4",561047.51
5,1506,"4",1286884.50
5,1507,"4",561442.42
5,1508,"4",1286539.50
5,1509,"4",563366.03
5,1510,"4",1285904.70
5,1511,"4",563531.74
5,1512,"4",1287671.10
5,1513,"4",563657.90
5,1514,"4",1289499.60
5,1515,"4",563682.97
5,1516,"4",966.00
5,1517,"4",327.75
5,1518,"4",1294474.50
5,1519,"4",566022.07
5,1520,"4",1298586.90
5,1521,"4",569009.19
5,1522,"4",1300367.10
5,1523,"4",568366.00
5,1524,"4",1303071.90
5,1525,"4",568309.30
5,1526,"4",1304921.10
5,1527,"4",567975.23
5,1528,"4",1904.40
5,1529,"4",353.28
5,1530,"4",1307508.60
5,1531,"4",568675.35
5,1532,"4",1311110.40
5,1533,"4",572492.66
5,1534,"4",1312504.20
5,1535,"4",573859.20
5,1536,"4",1316464.80
5,1537,"4",576846.33
5,1538,"4",1316064.60
5,1539,"4",577767.13
5,1540,"4",96.60
5,1541,"4",2156.94
5,1542,"4",1316733.90
5,1543,"4",583077.14
5,1544,"4",1320183.90
5,1545,"4",585265.71
5,1546,"4",1322592.00
5,1547,"4",590188.63
5,1548,"4",1329623.10
5,1549,"4",590694.86
5,1550,"4",1333280.10
5,1551,"4",593070.07
5,1552,"4",2028.60
5,1553,"4",1048.80
5,1554,"4",1336364.40
5,1555,"4",593740.63
5,1556,"4",1337979.00
5,1557,"4",593097.44
5,1558,"4",1341615.30
5,1559,"4",593637.82
5,1560,"4",1347549.30
5,1561,"4",596277.88
5,1562,"4",1347894.30
5,1563,"4",596548.93
5,1564,"4",2083.80
5,1565,"4",1353904.20
5,1566,"4",596744.66
5,1567,"4",1357899.30
5,1568,"4",597413.39
5,1569,"4",1358934.30
5,1570,"4",598752.56
5,1571,"4",1358837.70
5,1572,"4",602107.69
5,1573,"4",1357430.10
5,1574,"4",601659.99
5,1575,"4",2428.80
5,1576,"4",2226.40
5,1577,"4",1362246.30
5,1578,"4",604302.69
5,1579,"4",1366344.90
5,1580,"4",604687.60
5,1581,"4",1371161.10
5,1582,"4",605042.72
5,1583,"4",1371947.70
5,1584,"4",604836.52
5,1585,"4",1374624.90
5,1586,"4",605915.11
5,1587,"4",869.40
5,1588,"4",1376004.90
5,1589,"4",604628.72
5,1590,"4",1377384.90
5,1591,"4",605013.62
5,1592,"4",1377619.50
5,1593,"4",605990.55
5,1594,"4",1377046.80
5,1595,"4",607113.06
5,1596,"4",1379979.30
5,1597,"4",606911.47
5,1598,"4",2311.50
5,1599,"4",264.96
5,1600,"4",1383726.00
5,1601,"4",605969.73
5,1602,"4",1386575.70
5,1603,"4",608551.37
5,1604,"4",1390612.20
5,1605,"4",609743.57
5,1606,"4",1393855.20
5,1607,"4",611408.66
5,1608,"4",1399395.90
5,1609,"4",612156.62
5,1610,"4",414.00
5,1611,"4",88.32
5,1612,"4",1398071.10
5,1613,"4",611538.72
5,1614,"4",1399175.10
5,1615,"4",611883.38
5,1616,"4",1404819.30
5,1617,"4",611526.07
5,1618,"4",1407172.20
5,1619,"4",611860.38
5,1620,"4",1412264.40
5,1621,"4",612976.68
5,1622,"4",4091.70
5,1623,"4",176.64
5,1624,"4",1417515.30
5,1625,"4",614833.13
5,1626,"4",1419992.40
5,1627,"4",615242.87
5,1628,"4",1420130.40
5,1629,"4",617523.55
5,1630,"4",1421855.40
5,1631,"4",620836.36
5,1632,"4",1430535.60
5,1633,"4",621216.66
5,1634,"4",309.12
5,1635,"4",1428893.40
5,1636,"4",620680.99
5,1637,"4",1429935.30
5,1638,"4",624874.70
5,1639,"4",1428983.10
5,1640,"4",624668.50
5,1641,"4",1430514.90
5,1642,"4",626032.29
5,1643,"4",1429769.70
5,1644,"4",627640.22
5,1645,"4",1179.90
5,1646,"4",3228.63
5,1647,"4",1434427.20
5,1648,"4",631541.13
5,1649,"4",1440354.30
5,1650,"4",632922.40
5,1651,"4",1444715.10
5,1652,"4",632783.59
5,1653,"4",1445163.60
5,1654,"4",632491.38
5,1655,"4",1444666.80
5,1656,"4",634791.03
5,1657,"4",3615.60
5,1658,"4",1449483.00
5,1659,"4",635228.26
5,1660,"4",1455699.90
5,1661,"4",644325.57
5,1662,"4",1457811.30
5,1663,"4",644348.80
5,1664,"4",1458825.60
5,1665,"4",644529.58
5,1666,"4",1464214.50
5,1667,"4",645568.26
5,1668,"4",1642.20
5,1669,"4",273.13
5,1670,"4",1464573.30
5,1671,"4",644372.03
5,1672,"4",1470176.10
5,1673,"4",646057.58
5,1674,"4",1470238.20
5,1675,"4",646343.01
5,1676,"4",1471445.70
5,1677,"4",646399.48
5,1678,"4",1471031.70
5,1679,"4",651104.24
5,1680,"4",427.80
5,1681,"4",132.48
5,1682,"4",1472163.30
5,1683,"4",650448.86
5,1684,"4",1472894.70
5,1685,"4",651369.66
5,1686,"4",1474799.10
5,1687,"4",651974.91
5,1688,"4",1477924.80
5,1689,"4",653509.58
5,1690,"4",1481064.30
5,1691,"4",655300.59
5,1692,"4",1483.50
5,1693,"4",327.75
5,1694,"4",1488060.90
5,1695,"4",658510.59
5,1696,"4",1489102.80
5,1697,"4",657867.39
5,1698,"4",1494291.60
5,1699,"4",659303.05
5,1700,"4",1497024.00
5,1701,"4",661945.64
5,1702,"4",1500322.20
5,1703,"4",662279.94
5,1704,"4",2111.40
5,1705,"4",1564.00
5,1706,"4",1502502.60
5,1707,"4",665628.74
5,1708,"4",1503054.60
5,1709,"4",666549.55
5,1710,"4",1503441.00
5,1711,"4",669280.45
5,1712,"4",1505241.90
5,1713,"4",668801.13
5,1714,"4",1509264.60
5,1715,"4",669205.01
5,1716,"4",4029.60
5,1717,"4",1564.00
5,1718,"4",1517917.20
5,1719,"4",670466.33
5,1720,"4",1521581.10
5,1721,"4",671446.25
5,1722,"4",1525093.20
5,1723,"4",671733.98
5,1724,"4",1526763.00
5,1725,"4",671090.78
5,1726,"4",1527246.00
5,1727,"4",672675.71
5,1728,"4",386.40
5,1729,"4",109.25
5,1730,"4",1526183.40
5,1731,"4",674152.66
5,1732,"4",1532145.00
5,1733,"4",674486.85
5,1734,"4",1539396.90
5,1735,"4",678789.80
5,1736,"4",1539997.20
5,1737,"4",680278.25
5,1738,"4",1541556.60
5,1739,"4",683216.73
5,1740,"4",3808.80
5,1741,"4",632.50
5,1742,"4",1545751.80
5,1743,"4",683357.14
5,1744,"4",1546055.40
5,1745,"4",685026.14
5,1746,"4",1547559.60
5,1747,"4",684983.82
5,1748,"4",1551154.50
5,1749,"4",688492.12
5,1750,"4",1553183.10
5,1751,"4",689709.05
5,1752,"4",483.00
5,1753,"4",1556384.70
5,1754,"4",688981.68
5,1755,"4",1561373.40
5,1756,"4",688993.98
5,1757,"4",1565313.30
5,1758,"4",690488.87
5,1759,"4",1566403.50
5,1760,"4",689933.99
5,1761,"4",1568625.30
5,1762,"4",690535.10
5,1763,"4",483.00
5,1764,"4",1571550.90
5,1765,"4",689652.24
5,1766,"4",1575932.40
5,1767,"4",689711.01
5,1768,"4",1577126.10
5,1769,"4",690373.29
5,1770,"4",1579920.60
5,1771,"4",692706.64
5,1772,"4",1580072.40
5,1773,"4",692063.45
5,1774,"4",2194.20
5,1775,"4",2434.32
5,1776,"4",1584598.80
5,1777,"4",696730.26
5,1778,"4",1586068.50
5,1779,"4",699759.25
5,1780,"4",1588731.90
5,1781,"4",699904.49
5,1782,"4",1590608.70
5,1783,"4",699482.10
5,1784,"4",1590305.10
5,1785,"4",699280.50
5,1786,"4",2173.50
5,1787,"4",2392.00
5,1788,"4",1594086.30
5,1789,"4",703379.22
5,1790,"4",1595997.60
5,1791,"4",704478.16
5,1792,"4",1597515.60
5,1793,"4",705030.96
5,1794,"4",1596370.20
5,1795,"4",705198.98
5,1796,"4",1597460.40
5,1797,"4",706352.66
5,1798,"4",1656.00
5,1799,"4",1555.38
5,1800,"4",1601103.60
5,1801,"4",709877.41
5,1802,"4",1604029.20
5,1803,"4",709717.67
5,1804,"4",1606168.20
5,1805,"4",712176.60
5,1806,"4",1606140.60
5,1807,"4",712352.78
5,1808,"4",1610736.00
5,1809,"4",713578.34
5,1810,"4",579.60
5,1811,"4",2173.50
5,1812,"4",1609770.00
5,1813,"4",720279.85
5,1814,"4",1612750.80
5,1815,"4",719943.47
5,1816,"4",1611343.20
5,1817,"4",719791.90
5,1818,"4",1617442.80
5,1819,"4",719192.87
5,1820,"4",1617601.50
5,1821,"4",720445.79
5,1822,"4",2194.50
5,1823,"4",3408.60
5,1824,"4",3762.00
5,1825,"4",7524.00
5,1826,"4",1621306.80
5,1827,"4",719191.37
5,1828,"4",4639.80
5,1829,"4",1623604.50
5,1830,"4",721341.99
5,1831,"4",9405.00
5,1832,"4",1631767.20
5,1833,"4",721501.84
5,1834,"4",1634120.10
5,1835,"4",722037.39
5,1836,"4",1641392.70
5,1837,"4",724343.60
5,1838,"4",3753.60
5,1839,"4",437.00
5,1840,"4",1645601.70
5,1841,"4",724547.27
5,1842,"4",1646885.10
5,1843,"4",725270.16
5,1844,"4",1648320.30
5,1845,"4",725793.64
5,1846,"4",1649396.70
5,1847,"4",727801.19
5,1848,"4",1648886.10
5,1849,"4",731339.40
5,1850,"4",2145.90
5,1851,"4",1654261.20
5,1852,"4",730502.77
5,1853,"4",1654337.10
5,1854,"4",730132.70
5,1855,"4",1657214.40
5,1856,"4",729685.01
5,1857,"4",1661796.00
5,1858,"4",731375.39
5,1859,"4",1664017.80
5,1860,"4",734301.80
5,1861,"4",3105.00
5,1862,"4",977.50
5,1863,"4",1668261.30
5,1864,"4",736761.19
5,1865,"4",1673243.10
5,1866,"4",737675.55
5,1867,"4",1674643.80
5,1868,"4",737032.36
5,1869,"4",1676030.70
5,1870,"4",736565.80
5,1871,"4",1679487.60
5,1872,"4",737164.95
5,1873,"4",2608.20
5,1874,"4",525.32
5,1875,"4",1683089.40
5,1876,"4",737029.83
5,1877,"4",1684096.80
5,1878,"4",736386.63
5,1879,"4",1685559.60
5,1880,"4",736830.07
5,1881,"4",1687208.70
5,1882,"4",737107.34
5,1883,"4",1688388.60
5,1884,"4",736905.74
5,1885,"4",869.40
5,1886,"4",306.82
5,1887,"4",1689085.50
5,1888,"4",735930.31
5,1889,"4",1689506.40
5,1890,"4",737179.10
5,1891,"4",1688319.60
5,1892,"4",736624.22
5,1893,"4",1688968.20
5,1894,"4",740679.24
5,1895,"4",1692576.90
5,1896,"4",741852.58
5,1897,"4",510.60
5,1898,"4",1368.50
5,1899,"4",1690796.70
5,1900,"4",742729.46
5,1901,"4",1691755.80
5,1902,"4",743845.76
5,1903,"4",1693398.00
5,1904,"4",743914.99
5,1905,"4",1695578.40
5,1906,"4",743271.80
5,1907,"4",1696710.00
5,1908,"4",744388.10
5,1909,"4",2001.00
5,1910,"4",1955.00
5,1911,"4",1698697.20
5,1912,"4",745592.96
5,1913,"4",1699207.80
5,1914,"4",746873.14
5,1915,"4",1702361.10
5,1916,"4",747854.89
5,1917,"4",1705114.20
5,1918,"4",749509.05
5,1919,"4",1706149.20
5,1920,"4",752094.48
5,1921,"4",289.80
5,1922,"4",1711324.20
5,1923,"4",756876.87
5,1924,"4",1712386.80
5,1925,"4",760626.91
5,1926,"4",1716409.50
5,1927,"4",760381.15
5,1928,"4",1719293.70
5,1929,"4",764171.44
5,1930,"4",1719121.20
5,1931,"4",765924.61
5,1932,"4",1545.60
5,1933,"4",1721991.60
5,1934,"4",764859.02
5,1935,"4",1723068.00
5,1936,"4",765779.83
5,1937,"4",1725082.80
5,1938,"4",767816.82
5,1939,"4",1724034.00
5,1940,"4",767350.27
5,1941,"4",1723937.40
5,1942,"4",770705.39
5,1943,"4",1726373.10
5,1944,"4",770844.20
5,1945,"4",1724744.70
5,1946,"4",771342.38
5,1947,"4",1725117.30
5,1948,"4",771590.43
5,1949,"4",1723488.90
5,1950,"4",771256.36
5,1951,"4",1723709.70
5,1952,"4",770831.66
5,1953,"4",2842.80
5,1954,"4",109.25
5,1955,"4",1729754.10
5,1956,"4",772263.30
5,1957,"4",1732514.10
5,1958,"4",774105.02
5,1959,"4",1736923.20
5,1960,"4",777842.52
5,1961,"4",1738275.60
5,1962,"4",778958.83
5,1963,"4",1744540.80
5,1964,"4",780632.08
5,1965,"4",2325.30
5,1966,"4",1759.50
5,1967,"4",1749177.60
5,1968,"4",784640.63
5,1969,"4",1748736.00
5,1970,"4",785744.52
5,1971,"4",1753938.60
5,1972,"4",792084.81
5,1973,"4",1759631.10
5,1974,"4",793278.74
5,1975,"4",1762080.60
5,1976,"4",792635.55
5,1977,"4",2746.20
5,1978,"4",1765151.10
5,1979,"4",792103.90
5,1980,"4",1766241.30
5,1981,"4",794275.68
5,1982,"4",1766020.50
5,1983,"4",796955.98
5,1984,"4",1767379.80
5,1985,"4",796562.91
5,1986,"4",1772313.30
5,1987,"4",796729.09
5,1988,"4",3581.10
5,1989,"4",1914.75
5,1990,"4",1779316.80
5,1991,"4",802602.14
5,1992,"4",1780103.40
5,1993,"4",803718.44
5,1994,"4",1780441.50
5,1995,"4",804937.44
5,1996,"4",1782746.10
5,1997,"4",808054.75
5,1998,"4",1785126.60
5,1999,"4",810924.00
5,2000,"4",2663.40
5,2001,"4",600.88
5,2002,"4",1791150.30
5,2003,"4",810814.29
5,2004,"4",1796249.40
5,2005,"4",812278.93
5,2006,"4",1796070.00
5,2007,"4",815817.13
5,2008,"4",1801445.10
5,2009,"4",816700.22
5,2010,"4",1805253.90
5,2011,"4",817644.02
5,2012,"4",2097.60
5,2013,"4",800.75
5,2014,"4",1806178.50
5,2015,"4",817019.57
5,2016,"4",1808579.70
5,2017,"4",818768.26
5,2018,"4",1809766.50
5,2019,"4",819298.07
5,2020,"4",1815679.80
5,2021,"4",821511.70
5,2022,"4",1819171.20
5,2023,"4",822970.13
5,2024,"4",1368.50
5,2025,"4",1818032.70
5,2026,"4",823973.16
5,2027,"4",1820364.90
5,2028,"4",826773.07
5,2029,"4",1822614.30
5,2030,"4",826859.32
5,2031,"4",1825339.80
5,2032,"4",829802.63
5,2033,"4",1830480.30
5,2034,"4",830243.77
5,2035,"4",2145.90
5,2036,"4",977.50
5,2037,"4",1832764.20
5,2038,"4",830599.00
5,2039,"4",1832419.20
5,2040,"4",830460.43
5,2041,"4",1836545.40
5,2042,"4",832022.36
5,2043,"4",1838049.60
5,2044,"4",831820.76
5,2045,"4",1843969.80
5,2046,"4",831658.73
5,2047,"4",1787.10
5,2048,"4",1848758.40
5,2049,"4",830973.21
5,2050,"4",1848192.60
5,2051,"4",831143.53
5,2052,"4",1851842.70
5,2053,"4",832572.86
5,2054,"4",1855071.90
5,2055,"4",839141.55
5,2056,"4",1859094.60
5,2057,"4",841886.83
5,2058,"4",869.40
5,2059,"4",441.60
5,2060,"4",1858825.50
5,2061,"4",842467.46
5,2062,"4",1861081.80
5,2063,"4",842589.02
5,2064,"4",1860916.20
5,2065,"4",842690.10
5,2066,"4",1862517.00
5,2067,"4",846831.25
5,2068,"4",1868333.70
5,2069,"4",847732.62
5,2070,"4",1338.60
5,2071,"4",1871894.10
5,2072,"4",849784.11
